superorder troph lengthavg l_hatch lengthmature lengthavg/hatch depth depth_low depth_high depthrange vert verm ceph crust moll omnivor shore reef shelf ocean deep benthos nectos habitat_breadth
  Cx1   0.237661232183948 -0.561491379468541 -0.457171380758688 -0.456495794676974 -0.543429514837813 0.0883061398096779 -0.626913143026803 -0.619655937629337 -0.455726568770749 -0.588288508320454 0.121598430333963 -0.662003738082942 -0.105760071170885 -0.819394469409963 -0.556715424252032 -0.779318246579626 -0.87831627320241 -0.679770191167138 0.532189340840937 0.777254029623041 -0.211448091592032 0.551980763842667 0.640307763424051 0.762145825786258
  Cx2  -0.394447737511956 0.21022875481205 0.320064034279331 -0.0058409276988646 0.286442468655359 -0.51666612166502 -0.059118911133157 -0.0891352254254026 -0.0765516591258222 -0.114102711861613 0.0107345536993289 0.224153434629836 -0.0859080309770297 -0.0337950002980356 0.0160708052936179 0.0956213850880282 0.153792396175519 0.410872707087204 -0.473567484554049 -0.359397676823256 -0.364103761458022 -0.448057051714839 -0.531768531956111 -0.721028783238376
  Cx3   -0.389724369753664 0.00431444577776097 0.595145412664387 0.462144887835087 0.554135551375223 -0.0964250001580351 0.0569787131545228 0.118245596468188 0.0509516435101411 0.184588515841513 0.0920386206765693 -0.113540125290476 -0.603514906232702 0.460081659056391 0.267178456745083 0.633135633255117 0.087427465586257 0.339955504687479 -0.194970203400685 -0.312626461385696 -0.11996089312708 -0.278685304049059 -0.299166082760624 -0.304805485324365
  HMS   0.426066401570908 0.839979760006523 1.30488910643716 0.538107681835315 1.12024294348024 -0.950615080464487 0.104538326378436 0.163917969276618 -0.102796558217852 0.306354322611749 -0.541459919677373 1.01963545061454 -1.14787370135687 -0.0140060898449038 0.650700656516078 0.724729246658985 0.153825142494662 0.35303494897599 -1.47857605811329 -0.770003503360159 -0.128218888470217 -0.958527505774165 -1.3232183174734 -0.646753818816596
  HMT   -0.0402550318609518 -1.16681660673839 -1.12927704648696 -0.773133811590971 -1.03771302692469 0.356654205370987 0.079343083851312 -0.00143627419348637 0.327004349900732 -0.0871665745893087 0.447186353738951 -1.08559200687701 1.0169642452315 -0.776184059012132 -1.03158911577205 -1.34857827364987 -0.432509358923349 -0.348040286487628 1.79505158338467 0.803374191683544 0.255838133460436 1.20906118794499 1.47111427495177 1.26537207355433
  HMTx   -0.10818235814346 0.197814954855822 -0.563431599843869 -0.00109950630671994 -0.537320772226774 0.946186981738278 0.424174769391837 0.488260899172064 0.12629667897143 0.502544877012853 -0.374275542460928 0.0723676383495136 -0.0232127877832425 1.06906357095872 0.361472874191685 0.772128541049608 0.493779999738837 0.0998357946107298 -0.0736236676053111 -0.0883871057333831 0.312761959872325 0.147671326346853 0.234886244898213 -0.2264939370967
  HDG   -0.511950984237764 -0.122190601104042 0.174222721850544 0.092849206081368 0.338542527365053 -0.420364308058724 -0.575021071197704 -0.543955655409308 -0.61368716237015 -0.516481130333511 -0.031721703410909 -0.228065607576132 -0.136508929435439 0.242890475283908 -0.280334819636802 -0.106924173351336 -0.451341271187797 -0.395562650573882 -0.408524635308197 -0.21397368135962 -0.552019801856706 -0.333962435578763 -0.373239084610101 -0.0217500321330283
  Cu1   0.2426613764851 0.785563649175502 0.150235405425029 0.559750128366469 0.252241010062068 0.622550620721101 0.182128559290904 0.11731401765205 -0.0171807277624573 0.0560940889490718 -0.736270498263984 0.743544951473023 0.765009005465745 0.307087134345549 0.547341555080191 0.00561776226206725 0.0700427785142717 0.670594423040649 -0.306698613495712 -0.604345304187775 0.027728274773968 -0.568270287457744 -0.507575079839121 -0.31526283676552
  Cu2   0.382072628179308 -0.214377977875746 -0.68077843019376 -0.561221872460647 -0.649447594450426 0.0756474388892326 0.250062813329404 0.248609569909504 0.280052697327292 0.167465116026866 0.334913156100128 0.0657352204557485 0.227186502502669 -0.058534443615132 -0.188912510689773 -0.0925508885877837 0.423348827841771 -0.121715757927515 0.0355620172594382 -0.000200294271107965 0.388701280146135 0.387606029613493 0.178057355698328 0.27763455650071
