 eco  Cx1   Cx2   Cx3   HMS   HMT   HMTx   HDG   Cusp1   Cusp2
  superorder   0.237661232183948 -0.394447737511956 -0.389724369753664 0.426066401570908 -0.0402550318609518 -0.10818235814346 -0.511950984237764 0.2426613764851 0.382072628179308
  trop   -0.561491379468541 0.21022875481205 0.00431444577776097 0.839979760006523 -1.16681660673839 0.197814954855822 -0.122190601104042 0.785563649175502 -0.214377977875746
  lengthavg   -0.457171380758688 0.320064034279331 0.595145412664387 1.30488910643716 -1.12927704648696 -0.563431599843869 0.174222721850544 0.150235405425029 -0.68077843019376
  l_hatch   -0.456495794676974 -0.0058409276988646 0.462144887835087 0.538107681835315 -0.773133811590971 -0.00109950630671994 0.092849206081368 0.559750128366469 -0.561221872460647
  l_mature   -0.543429514837813 0.286442468655359 0.554135551375223 1.12024294348024 -1.03771302692469 -0.537320772226774 0.338542527365053 0.252241010062068 -0.649447594450426
  lengthavg/hatch   0.0883061398096779 -0.51666612166502 -0.0964250001580351 -0.950615080464487 0.356654205370987 0.946186981738278 -0.420364308058724 0.622550620721101 0.0756474388892326
  depth   -0.626913143026803 -0.059118911133157 0.0569787131545228 0.104538326378436 0.079343083851312 0.424174769391837 -0.575021071197704 0.182128559290904 0.250062813329404
  d_low   -0.619655937629337 -0.0891352254254026 0.118245596468188 0.163917969276618 -0.00143627419348637 0.488260899172064 -0.543955655409308 0.11731401765205 0.248609569909504
  d_high   -0.455726568770749 -0.0765516591258222 0.0509516435101411 -0.102796558217852 0.327004349900732 0.12629667897143 -0.61368716237015 -0.0171807277624573 0.280052697327292
  d_range  -0.588288508320454 -0.114102711861613 0.184588515841513 0.306354322611749 -0.0871665745893087 0.502544877012853 -0.516481130333511 0.0560940889490718 0.167465116026866
  vert   0.121598430333963 0.0107345536993289 0.0920386206765693 -0.541459919677373 0.447186353738951 -0.374275542460928 -0.031721703410909 -0.736270498263984 0.334913156100128
  verm   -0.662003738082942 0.224153434629836 -0.113540125290476 1.01963545061454 -1.08559200687701 0.0723676383495136 -0.228065607576132 0.743544951473023 0.0657352204557485
  ceph   -0.105760071170885 -0.0859080309770297 -0.603514906232702 -1.14787370135687 1.0169642452315 -0.0232127877832425 -0.136508929435439 0.765009005465745 0.227186502502669
  crust   -0.819394469409963 -0.0337950002980356 0.460081659056391 -0.0140060898449038 -0.776184059012132 1.06906357095872 0.242890475283908 0.307087134345549 -0.058534443615132
  moll   -0.556715424252032 0.0160708052936179 0.267178456745083 0.650700656516078 -1.03158911577205 0.361472874191685 -0.280334819636802 0.547341555080191 -0.188912510689773
  omnivor   -0.779318246579626 0.0956213850880282 0.633135633255117 0.724729246658985 -1.34857827364987 0.772128541049608 -0.106924173351336 0.00561776226206725 -0.0925508885877837
  shore   -0.87831627320241 0.153792396175519 0.087427465586257 0.153825142494662 -0.432509358923349 0.493779999738837 -0.451341271187797 0.0700427785142717 0.423348827841771
  reef   -0.679770191167138 0.410872707087204 0.339955504687479 0.35303494897599 -0.348040286487628 0.0998357946107298 -0.395562650573882 0.670594423040649 -0.121715757927515
  shelf   0.532189340840937 -0.473567484554049 -0.194970203400685 -1.47857605811329 1.79505158338467 -0.0736236676053111 -0.408524635308197 -0.306698613495712 0.0355620172594382
  ocean   0.777254029623041 -0.359397676823256 -0.312626461385696 -0.770003503360159 0.803374191683544 -0.0883871057333831 -0.21397368135962 -0.604345304187775 -0.000200294271107965
  deep   -0.211448091592032 -0.364103761458022 -0.11996089312708 -0.128218888470217 0.255838133460436 0.312761959872325 -0.552019801856706 0.027728274773968 0.388701280146135
  benth   0.551980763842667 -0.448057051714839 -0.278685304049059 -0.958527505774165 1.20906118794499 0.147671326346853 -0.333962435578763 -0.568270287457744 0.387606029613493
  nect   0.640307763424051 -0.531768531956111 -0.299166082760624 -1.3232183174734 1.47111427495177 0.234886244898213 -0.373239084610101 -0.507575079839121 0.178057355698328
  habitat_generalist   0.762145825786258 -0.721028783238376 -0.304805485324365 -0.646753818816596 1.26537207355433 -0.2264939370967 -0.0217500321330283 -0.31526283676552 0.27763455650071
